6688
4311
44666
1887
32318
39521
45064
9983
5803
32484
47799
18847
35858
19728
9614
23061
45176
4420
35700
28223
29513
43403
28311
48635
12073
31015
18203
34019
2680
23096
26049
3347
19318
21605
48415
1214
14350
47375
30160
40334
20449
27026
35430
15379
2435
35281
38591
14334
49375
34607
1907
18178
568
34301
28580
33285
13301
49604
37183
42490
29066
26065
31100
28926
43806
43050
21795
20107
36813
36445
17461
1565
13615
29288
16276
11532
22936
12828
47930
18483
29792
4625
11619
10531
31737
21003
27099
42305
38812
6121
35753
7390
27731
37296
20440
23703
41869
46323
2428
30014
9194
26176
39646
15982
24074
830
10866
30690
28227
14930
33449
24195
23128
3791
25929
29181
21906
44622
15895
14175
45360
25326
20468
25757
21090
48194
218
27578
1146
42990
45926
20009
1354
21819
47224
7525
44523
2966
1409
9313
7038
21897
907
28641
48089
16176
10160
25929
6547
43873
4308
34933
47062
44897
41493
32416
4310
39822
26689
19649
21351
45502
49807
36852
19830
32371
11333
23314
8645
13330
12956
17155
35299
21274
5478
48183
5319
23326
2154
8908
7839
8286
9051
33428
6070
45471
38006
13822
33267
16070
3787
2648
46757
29638
19093
39651
36216
48306
38364
22761
3784
24942
19897
38134
43741
4063
13945
20640
30307
8652
49727
30799
16648
40974
38418
37530
45773
16126
37563
32997
25099
36755
1022
20588
30528
43926
28151
3044
3460
4738
2703
30725
23394
6569
15925
8049
39244
40529
6990
18502
21222
35250
27853
46011
11235
39703
14744
19704
41380
21649
42323
2748
33835
6476
17006
25202
35507
37498
38990
2726
47524
47919
8511
128
25170
25205
27925
31592
8243
46916
11893
3040
39869
45664
16899
23518
542
35932
35867
11322
3153
40779
4456
2059
19096
46911
24283
10780
32641
46489
43248
8497
42924
32862
7094
49665
24353
37521
41113
31234
7393
1646
23269
41290
45534
4904
4734
8709
26872
10025
24279
37231
45925
48229
1484
22
13188
41106
35103
17751
1210
35585
23130
40153
25681
47595
46473
1956
43521
22559
18820
29097
44422
8431
21097
16874
37380
25866
28776
40959
4022
22266
37625
44579
47649
46385
25999
29627
38845
10783
43791
47153
38604
45722
40834
19064
1562
1738
20971
19085
28201
26788
49272
8921
31873
38539
13276
25107
25637
7577
6076
13185
27781
46556
38468
43876
42478
21381
16022
33855
43844
19391
9472
24941
8469
22121
35767
22854
39708
824
7598
37787
15564
43643
12690
2746
3050
36654
28366
14738
47214
39207
7496
18153
8048
859
11503
11798
16657
39139
21503
19696
19090
7934
826
46739
41083
42325
40495
15241
13315
9648
29067
40963
24216
42842
773
42705
37207
23845
31379
16978
46863
13982
24435
6337
3319
26238
46488
25577
1515
15911
34098
25031
46751
25721
40147
27846
34089
39444
8501
31453
35358
369
29238
1201
13963
21562
47076
46685
24770
25506
18030
40875
23645
31664
13429
39870
2985
34908
16592
27112
29825
16051
30247
2991
40229
2728
31095
40101
25404
35981
4913
43112
26647
7691
11771
36859
46298
37126
35636
20995
23225
39699
40774
16591
6516
20024
18779
48626
