4240
8443
4155
20398
47042
45190
34787
12785
29593
31987
37687
34489
32
35508
34821
41617
37506
10074
24194
10569
20547
24170
48547
34256
48594
15654
12990
40221
8024
30021
36809
21053
24443
17557
34623
27772
43487
35102
4179
1556
45775
32776
29849
2821
41635
36914
42383
27394
28174
26602
1600
45219
8675
34565
8795
37462
31646
39682
42946
22003
48664
21514
19562
13939
15023
31487
22534
7003
37764
7278
17589
38195
12272
16122
8659
33559
7582
31921
38703
29993
40491
13576
8636
48700
4036
45159
20875
44759
29928
2229
31014
47967
21575
46189
44352
970
30503
38601
11549
11786
