37566
17932
8797
2401
29927
38431
48489
9751
15435
29884
35355
28798
20536
21529
2827
35531
45780
10292
8181
46219
5781
8324
33822
2878
9991
25295
32899
31045
15981
17291
2930
34545
16119
29423
25254
42551
4221
5321
29015
42187
41178
23337
5214
5768
48305
13762
39866
41171
34344
15140
40657
49242
31620
45731
22657
42772
26753
46847
49938
31302
41009
11066
8446
23821
31972
43837
42780
36147
21357
33967
1309
37601
7506
14742
12627
37884
45527
36342
27635
31049
32370
49258
11986
40671
31202
2220
1699
16042
46551
36297
26832
28931
13308
33593
5352
19590
33958
24011
25542
49398
