26761
4524
11023
14329
436
25082
14848
30272
28273
24681
16471
10352
34385
47930
27731
32348
32367
21309
29813
21661
24643
28618
13431
10057
12651
38457
15034
37645
9597
36025
16796
21672
5407
13552
46432
46682
9479
10501
3461
3109
14566
36047
30528
28904
42553
2900
30870
35429
37599
18251
11245
39070
35786
44330
20421
43209
28404
38144
10724
32862
2866
17908
12321
39133
24852
45895
26272
48203
37701
26771
237
19821
34025
15344
1562
15472
38265
3284
35002
7969
48871
32814
4779
17442
26220
27655
39367
16532
36560
13587
22807
48387
34842
13904
36309
36475
32984
33053
24408
36283
