42446
26049
18291
28311
42883
2342
33983
40851
47966
11080
44552
15008
2659
41664
35690
42517
14499
48105
1755
17983
45113
49711
14450
42759
21974
19286
31459
35548
40343
43698
14945
46831
18299
36573
2598
8072
18080
22383
27147
36889
38083
4798
36155
27986
35403
17107
46297
34745
33919
29917
44198
9442
23812
1651
22983
35037
6955
5157
2569
2118
2656
21808
10229
29536
23248
26637
22037
27194
23833
41110
49587
30943
28559
36905
9509
47535
15779
2752
39892
40363
13697
45013
37024
46717
26471
27402
29311
17268
39097
22070
11954
32
16925
9595
22472
4444
24863
35086
46206
48275
36860
38219
31562
17320
15754
8157
27325
6026
34614
49159
16372
24771
17598
26873
11934
9191
46810
47589
38032
3226
45303
1501
7853
45681
11528
40189
34398
25282
13435
25101
16352
22074
4525
35069
36727
24633
24919
41214
35771
8780
38022
14697
35673
42990
24500
16569
8967
48493
21076
26695
32725
9345
17098
34806
28083
42365
47217
9393
2324
42766
5493
32297
13330
49896
41713
18366
33238
38229
44381
15836
42647
46062
38620
24842
11183
45380
31146
25684
39659
32998
26726
42382
6913
39898
40546
4266
20691
35292
35481
16932
45128
30624
30097
9737
37133
19245
25273
37554
36140
28373
33057
13282
8652
26894
16200
8403
34575
20411
44804
8049
11635
46132
16709
47883
41148
6852
28590
6943
29202
47425
45114
19521
13863
18011
19458
23473
26823
46047
5237
43460
25299
34227
28485
6289
28375
38465
3408
15666
16139
40259
1992
24883
42104
30616
8379
32005
26706
10055
20280
35978
41752
8847
7815
38437
45481
128
1538
20090
9274
38411
21124
1810
45557
35155
27711
20207
1656
46597
23059
16081
29268
48775
33429
5303
81
19972
31116
5651
16623
15130
6037
47043
45181
26728
19007
11463
14453
28633
23981
4002
36532
16886
35410
21776
4961
10803
16653
4716
10242
1653
13921
47858
12048
32581
2697
28171
23130
40322
3290
14873
12619
35928
24879
22339
44712
12263
24852
25828
49698
48396
38020
28565
6754
18801
30918
39469
920
45208
6463
31806
32170
43298
30625
12193
44779
24510
47650
27329
25681
49804
11371
5359
39697
39791
19403
14604
11135
43353
40206
21125
15712
15881
47110
19651
19849
44338
17113
6573
24901
24181
38325
34844
12848
46988
20971
42555
32000
47777
23744
5620
5313
6059
28721
30993
12941
10916
43537
41679
36773
25322
40730
22180
15148
2201
19155
37293
12476
28719
37474
6283
21113
3213
15720
13092
44386
39432
211
26017
10106
42886
32465
28205
4852
20479
4292
24787
13131
1183
3638
42607
47974
6631
47886
44528
26948
39094
1106
32441
43485
773
6881
23740
21414
21770
10313
36253
28412
18892
12954
4758
20161
23183
40336
3529
13109
1439
4974
27056
22758
48911
48953
22776
32271
6337
7007
31996
20419
35491
21383
47091
3704
35064
24116
25010
43942
45497
24372
4708
45840
17827
27995
44920
20428
27821
8999
24246
6038
25946
37762
24203
7943
27344
34502
14189
28635
43695
49073
37314
15027
45008
32962
48646
48152
9425
29604
41544
32605
33982
4374
2838
11814
886
29700
16977
16491
20943
4371
49642
19377
42561
