39223
11280
48105
48071
7360
17994
10690
39628
731
33235
19445
4774
7344
39241
13747
21023
18200
22873
7344
24094
13238
6923
43548
31105
35028
36393
3607
38053
20262
4097
17490
17517
16060
29599
31888
24792
12991
1824
27487
39553
27267
24668
41457
29665
17525
37160
39288
41222
25270
20566
2268
7862
24038
16777
19865
6137
25210
30119
10370
5196
2173
20783
16089
44993
19572
25151
14409
23598
22227
28640
21196
17030
34845
17479
13144
12841
44526
14966
36085
30553
49096
25479
38571
7370
2289
45810
8576
49376
8174
43356
19002
4050
22365
22938
8794
43847
590
14849
35174
22656
2133
47360
12693
39550
15649
42594
18880
21412
6616
709
28397
36441
39309
6388
41236
36186
30466
39412
39765
46887
3675
24993
832
23519
6296
23003
15477
26426
16357
15118
15118
6616
29943
23074
39661
43177
22732
37212
35031
36141
40032
48404
25628
49419
20959
47846
48835
25326
16691
13757
18814
40354
19613
33371
1002
22110
287
19799
30541
10918
47132
11386
16805
12241
7439
46555
20139
26624
1496
9357
22695
22913
142
20770
16787
20418
43955
1703
25812
30192
23815
28488
35449
1351
4350
28058
6658
35128
5848
36440
42012
16759
34756
9612
47008
35442
43472
14554
23228
801
43049
5909
21304
18161
10451
22144
14704
33245
39849
45616
6007
49138
18705
33095
7283
5495
35641
17914
22274
30627
14787
14262
13663
24241
8068
47917
33383
14773
25767
34808
19180
38353
520
4905
24827
40027
9750
18476
15267
25675
46845
21453
9638
49749
19331
23473
36631
38386
39209
40188
40772
515
48422
14579
6094
30763
31877
41638
27776
33606
47911
34312
10201
38305
46532
23949
29145
471
5413
43340
47043
41728
18441
34659
18472
22679
37813
30952
32862
22188
30931
10668
12768
44441
43851
44676
26418
7319
1193
21916
42152
9948
1346
25864
5808
32780
49884
29132
16419
40904
24275
43862
4123
17583
8589
27803
23521
5380
28413
38721
7524
30011
7848
24307
38831
33663
22550
21560
40170
12525
21704
40153
46334
49041
7916
42872
14604
31108
43392
1678
31681
34898
2364
40316
49082
43561
40337
41443
16283
22488
35900
15060
36995
42968
29360
34740
41965
37219
15600
23691
24853
46412
10687
9836
12547
42075
28240
48567
10695
37670
28916
45000
10818
40390
37635
40010
1562
32269
2201
45065
39378
46045
15550
41185
20309
36189
6291
14671
33698
11561
15364
35776
20886
18195
48041
26208
27255
7085
32911
44228
18549
5518
32485
7830
32660
45336
9454
16334
45808
36677
39613
7941
10620
35826
19851
1398
43662
23177
45890
1479
16257
31498
29811
19309
21759
36746
43149
11343
37786
22234
19887
45551
46462
43489
41288
16388
3874
8401
2388
23865
859
30577
48562
8637
26510
33783
7580
34030
11248
22616
45868
17281
5416
23890
1751
27661
40864
40990
32183
41988
32589
37968
10881
12955
16592
36928
43511
1669
10038
40564
28358
33966
31937
18648
24683
20653
11771
13000
27799
48996
43511
8575
14072
27907
37780
35384
6413
19640
36381
40052
2572
27740
21817
26229
47247
9807
3977
28960
19661
34726
49228
18796
28071
23019
33157
16407
23562
5418
26875
10850
