43750
22799
10526
28883
47585
49263
40442
10777
13420
32626
46904
2094
47190
22596
21331
14061
35291
44754
37257
38872
13270
33170
15118
32059
2133
36635
38054
37503
32106
41667
4827
32917
4484
47250
49430
42551
23498
17369
5192
16907
6611
44095
43276
34824
345
36319
2122
28200
29632
32130
21740
38306
48785
42503
28221
14076
42218
3604
49242
3799
26432
8699
40874
49813
40316
3686
39814
19645
25039
47649
2392
16811
31738
22120
4714
36597
35241
26420
19417
28104
17170
3165
44114
48611
15328
1564
45168
33165
8489
9415
6152
21182
3838
47412
44287
24609
27810
900
33089
8364
