46554
35594
36993
21144
19282
28548
42057
25016
5719
31970
28887
25462
24355
11979
3335
48059
22254
7998
23043
10151
28972
23481
34828
15959
8376
33214
14482
3197
16235
30710
32934
13229
1214
13660
36924
1470
8296
33647
40984
15755
16637
44298
42435
11280
36615
21782
42829
35079
4524
47882
23581
26783
9193
36038
1522
25422
22350
28185
47473
26778
9966
11122
30497
13489
35209
12009
1481
18599
43194
15959
8199
37178
46593
31214
32363
8782
41234
12640
5640
45615
47404
49510
9057
21602
23043
13835
42320
3971
6165
20393
12820
19639
31105
37955
16677
42044
9925
12010
24491
24404
49286
35531
26509
7774
12183
5512
16385
45923
41257
21615
21796
6559
38231
36005
4562
16985
19935
10795
17460
34453
10819
23275
7706
20057
24654
41849
13823
24607
44725
26521
39940
45097
12551
46003
28810
29874
4385
21309
20197
33742
23020
44483
24381
30019
38175
44537
41248
35338
28937
4021
12424
32486
21795
6302
5947
45322
10229
30992
16223
45972
6831
41520
20168
29261
21474
39340
9407
26180
6411
32474
21947
6550
32787
48901
44210
33640
21181
22499
6899
26915
22479
32
41862
45988
16990
43371
31669
4
19898
30104
42666
32994
49932
18181
38452
39402
38183
4557
8181
42925
18586
14299
2126
19070
19695
29845
37208
9716
47371
36598
13036
26299
3417
29681
33032
17818
34513
27308
15380
820
28890
10588
22781
3321
41157
9991
3583
28161
45606
18564
44831
21550
12462
29595
39001
37247
1792
17657
32467
36635
45852
42774
13542
54
40786
2742
22561
10263
16694
16743
41342
7555
12137
43959
37594
1884
30478
32308
21348
218
22012
12583
48117
2760
1705
1328
45252
39983
46242
5817
5967
24655
25326
25398
25427
26001
28399
26864
18084
19070
29058
34885
34102
39960
6927
47730
17955
12423
43106
19044
5132
17379
9403
20990
36344
22331
34836
787
49458
49069
47812
42474
32451
25247
27235
45909
1030
20337
41020
17543
41514
23735
49044
48409
12033
12111
1703
2307
41271
9973
28574
29084
32021
30886
49701
38209
30784
33100
24757
11718
11864
47997
39272
31383
10244
6637
12216
35144
9830
7460
4073
1735
40127
6332
44507
28811
11105
23526
2982
9914
38706
47234
9120
44852
17124
4098
37367
3043
39013
4672
26544
26485
45117
34952
36588
39641
1723
4950
9908
5725
12105
36609
35525
15266
17926
36230
21578
44456
28792
34901
12316
24017
13541
39294
42825
33915
35141
35669
15682
3302
23763
1286
25882
6790
16740
13581
43716
48170
32826
43812
38762
41675
30061
32069
42849
17498
32069
14634
37018
46250
7155
36294
44900
3077
18984
8247
15925
4429
14957
5075
29827
22946
45571
34350
20470
21354
37154
42080
47795
26850
19285
22619
44994
48488
2672
40933
47907
38134
7956
47538
21676
10134
16527
26959
9544
8131
30892
35066
8233
2544
33359
19134
40840
30917
28040
3322
47141
14251
31615
44283
19822
2304
46776
10451
16842
11526
8630
11250
22124
5042
4175
5756
7557
29329
23591
47813
27848
44750
35622
5187
44254
4280
32803
18512
43494
42849
25014
18512
49824
8890
7670
16085
21002
856
38351
9019
46251
32270
40848
14147
25170
31031
23349
31557
5965
26138
40763
7510
47054
36041
30763
1849
24015
49514
42987
42377
14952
22547
27347
31439
5655
15312
44929
44452
21810
944
28404
24489
18511
33163
36233
12119
16873
49722
12630
24648
13150
5606
43879
23556
28172
13872
36073
48828
46638
23268
24867
33166
49380
7181
19274
42518
39332
22722
40105
46350
36669
11853
37169
18243
8261
48750
17148
24160
3080
18748
18441
32015
39642
11165
8993
26785
515
285
6580
38118
2026
38529
24433
6781
23510
45142
44179
6760
20807
18278
30931
22357
22342
27279
29603
40871
47919
23176
29804
3448
918
2686
5467
33628
1743
40396
15390
27474
23502
6581
9762
4907
47984
4235
35615
33012
18284
9468
32493
29284
46885
41004
7232
17173
27793
3041
3724
8891
1017
22081
44985
25723
34674
41916
4568
30798
9131
34861
24635
7267
45719
7239
19559
15041
25828
19148
16916
46273
26611
38450
6406
34823
41873
15001
7267
33216
11833
3139
15810
49412
21581
33491
37238
17908
34817
25878
42723
31353
755
9941
41074
2536
5059
42614
33213
22528
9098
26335
7860
15440
6960
30953
40946
33848
8206
25396
39464
15442
35213
22801
40565
16585
3826
2019
25430
6125
15116
3841
41778
26542
49361
14476
4668
44028
7609
45449
26259
45294
23710
37800
10858
14757
26903
39314
43320
17443
2912
37211
6487
12941
45747
42831
37908
45432
1341
10873
24122
15037
43396
44135
17467
30617
15067
35689
13892
31364
26670
35120
36718
27294
7831
19179
40454
19389
37948
37055
18589
14272
28044
46583
42114
24439
24824
49794
28364
48490
33151
3958
38550
636
5241
17804
42996
45476
36977
30993
27396
37893
26810
32528
35767
19779
28195
12142
13961
6699
23292
26392
22115
7604
47301
41332
38325
23330
16088
722
22325
41620
39758
6966
49335
8687
5930
20291
22812
3208
45945
46300
49760
25411
31924
40626
40374
33439
39317
19829
39334
8998
32370
24412
6989
44458
6825
34152
3093
25725
20596
6403
10361
46449
7007
38857
39579
46272
48836
22668
13175
45309
69
36295
2464
19502
2646
42840
465
216
11461
35199
8972
39454
19020
21164
13315
12813
42847
25728
39299
8892
30872
22584
3425
8042
41685
15920
34140
3493
19592
14037
31730
25823
29811
19141
3829
2464
46504
47118
7376
26621
32182
37953
4300
40070
25395
38619
3469
17853
48990
44236
41440
20455
11266
38754
9117
31625
29954
38715
25501
6123
20705
3305
33752
23827
39184
40983
12268
19733
40124
31170
16978
30438
20052
2483
1292
12801
27811
37629
29978
49398
37195
719
20305
24494
44182
17240
2664
46355
8012
17551
46755
45573
5306
3014
15785
13320
34223
6525
48017
8587
6174
34223
1045
3838
4252
49125
38324
3850
15382
20587
11232
40117
22685
19474
18071
37552
27707
29073
47427
7453
4593
48982
2919
26374
37376
34995
28459
40117
18209
15976
48568
43062
24985
49031
23990
12822
35257
22415
23141
42599
35064
29992
40080
13298
8323
25308
36280
40303
44058
13962
44744
47985
20974
18260
45173
22051
2548
28071
1231
4111
36684
3489
28483
23242
42586
11715
7854
41571
20380
45797
27190
2208
3234
3276
7391
110
