46910
11835
42364
5614
4373
21605
49130
24367
49174
4759
33453
16801
16196
44141
49349
43483
843
5457
38198
20584
40768
28919
34944
26522
10487
22609
24212
17692
49761
22304
21803
8155
38130
7991
46756
1195
33662
31991
12540
11107
44027
1168
25792
16196
37182
7377
12409
14468
6663
10798
6515
41869
29512
1907
34673
40407
23982
38231
25856
38157
2887
16023
1037
47088
22938
26350
27731
5344
37428
22314
18639
13108
5433
10912
30049
17474
24329
5070
36298
28183
28077
9561
1421
24400
15162
39825
33228
42834
14967
44266
20312
21149
35866
39549
28896
18303
16997
27510
24607
11585
40701
19364
10976
17892
19384
38766
23537
3210
32687
32299
31785
2121
3796
10469
24373
10624
41018
7696
43367
18163
47123
3297
6390
2470
5903
43966
10457
42532
43041
47294
45079
2957
38365
46299
6502
30466
36339
17712
11915
24007
17850
41474
15895
13557
29198
41721
46125
21442
2163
32899
12601
34658
46742
48506
26912
39211
46468
41578
4336
20203
1030
29866
5107
3190
48907
11680
27210
5610
23862
19738
3052
995
8786
6658
44355
13811
43850
19864
49009
48390
8781
5190
2527
32621
3956
37500
26559
49741
33582
314
1834
40057
41747
31633
8105
45783
36431
3571
48085
34946
33171
44368
32315
38720
28881
49669
37124
41252
6990
15627
22963
10694
2951
18304
16503
9873
33057
1739
41103
45668
25898
2990
49204
44941
5486
24318
13984
16222
6266
23882
14258
45867
21676
48533
13498
41726
26911
7851
38173
1457
33401
32620
42087
43650
23327
27063
37656
43923
10485
4224
26143
14792
19809
491
28283
35390
46510
48832
24323
12468
42731
42966
1088
46201
2884
11341
670
28425
15485
10599
46916
31355
2305
10726
48077
3162
37736
33125
19487
22487
40239
10924
25057
44496
29558
27300
25610
21449
34220
21879
16771
4838
11491
37252
24585
7082
20001
14952
33430
35390
42015
38534
22885
22926
8949
23912
24312
18595
27651
23896
5376
4752
2625
31342
31299
19403
23008
30350
23143
43862
5223
15410
49440
26091
32193
15360
16129
13619
10920
34898
46622
28745
48627
34603
40514
25511
44187
30576
35845
15805
14084
20975
30222
27379
27454
39343
14514
1766
899
40836
37019
25948
16828
9560
320
31597
11520
38325
30265
40692
16026
21136
38325
10347
33102
44471
22566
36114
49885
36535
20701
7849
49885
25370
28385
31341
17462
43844
11281
36829
8745
17113
22612
34335
29196
15073
29443
48272
18874
7598
1679
47466
15070
16095
49241
29648
46412
12437
10216
7940
41002
5667
2323
41902
30035
3800
39653
8
22218
38554
42249
47077
23045
8241
13350
15367
48081
40458
707
40926
48562
777
6050
31266
25093
37308
11261
42497
5283
22751
46636
46008
30142
32540
19379
19131
23567
16558
48668
32424
7366
24787
27057
44236
39571
47978
4891
38111
897
31497
17090
4826
29210
7302
34395
27030
13125
20735
32664
1437
2572
13599
47504
12467
29197
42102
45860
39137
28123
22543
798
24246
23091
46004
30843
49785
49147
29602
30773
19377
36461
18244
1102
7570
37020
38018
38871
20552
30678
10208
20224
21628
4612
27693
39084
22956
14332
38569
21575
40474
