4919
32341
46224
27415
39793
13951
11218
44668
16010
18694
3564
40476
20275
45358
44778
47106
14309
23419
36314
24589
40590
3694
17224
21721
22264
481
10729
22271
11425
47104
31165
2808
18273
32505
35162
40679
33386
38235
36100
2490
20759
43301
27497
24983
34318
15893
39027
9287
42572
13086
47040
14764
9251
19810
40427
19628
10832
23260
34081
14448
41736
6908
30119
26077
36721
42464
33561
46796
10153
4636
14740
14967
28127
31138
44109
18518
45488
23139
8944
10714
36950
45105
49022
13118
43854
45968
5070
4171
44472
35861
18810
15574
43520
36107
26870
12841
15756
26818
11336
33650
5990
42043
28802
42986
43365
30040
30145
44334
43118
13478
20589
29779
42329
120
27580
11270
9523
45998
16221
29345
3569
16593
22594
19257
7521
48391
26425
22874
6963
19376
13727
48712
40281
5603
30023
27309
4755
42765
30040
28802
30315
630
31743
45926
12819
45761
11789
34555
49297
18088
31081
13976
7063
8839
18169
34779
11067
20520
5848
44987
3594
6595
41594
41705
45901
43773
38620
15175
32219
22868
8319
18408
4083
29322
12013
38292
5113
23977
20868
20469
37357
27297
19427
35026
9040
27714
6462
47075
38699
6945
12815
24124
24099
6557
6061
14289
11271
20344
36503
38903
36019
2990
24572
39705
41086
38293
28590
46093
18404
10951
48235
2905
16615
49954
20823
7531
12959
45170
31849
22765
9155
39947
14186
12862
39491
7436
16426
30962
39866
30499
28040
43874
4710
42904
41823
41301
24866
45263
3797
345
27181
44891
38101
27031
34418
6022
27631
40510
13933
3919
45032
37184
35989
39869
7472
27456
46780
42524
28999
10270
48328
26791
28851
44933
40697
1860
12962
4874
39851
33931
10971
31578
12716
29242
31833
41340
17811
3171
28221
48240
31716
43189
31044
43395
1780
9641
12357
18598
44998
35604
16247
5626
36988
27397
45345
29358
24238
25840
4275
11899
3994
10635
28993
39657
49088
12928
9321
27688
49952
117
13617
42858
47961
3311
47707
23539
39643
40673
14608
21800
21560
33400
1194
19511
32240
30759
49364
9923
41870
26834
6521
27346
23917
3825
1766
3411
40329
15726
7916
1761
19927
31232
24781
45149
19877
12014
15840
44486
43380
29339
16996
3013
46018
42421
39798
43435
16114
12220
12394
10560
44091
37836
4341
6423
44617
14556
24621
1125
23331
18911
48204
6119
30548
15359
28715
25343
25811
23304
4872
16877
38837
34544
3146
37292
7482
44718
6513
10712
13339
20423
31967
27055
49323
49391
32503
1167
48803
45376
35696
28264
23723
8830
29954
8519
43794
38901
23081
12020
3324
10986
46751
4758
31832
40470
25888
31692
21762
49967
23793
49677
39154
27271
14132
25780
36424
29175
16072
36949
47827
19829
15699
19854
18623
23201
32356
35139
29811
41829
20812
38274
17012
31131
24825
49827
14790
23466
30955
45924
34093
31170
3658
44901
19831
37363
16394
34800
17907
18301
22166
42857
8364
20901
3793
26822
35260
30118
21114
32879
7990
2273
43332
11316
36458
31744
9396
44964
33790
14803
30861
2218
10934
13003
47636
2192
30068
9843
9880
1505
29238
6364
15825
19953
21376
9996
3596
35218
41427
2199
17906
31986
