19682
11424
17076
12674
27059
43194
24387
31521
8741
37087
15678
41731
8971
2504
7631
38112
29634
3962
29980
47176
24676
27059
35
8569
4592
42674
45384
6380
27901
5765
29293
44609
43757
45265
37561
35835
41019
28402
36289
44275
26815
32479
44319
26007
8524
10343
48653
373
32365
25290
17383
23851
2021
11237
8083
48148
47754
36325
35798
43194
20852
47799
41040
41200
47317
1296
13260
28017
27278
17316
33478
44749
41613
11356
44968
31593
10470
11076
31087
4468
2863
11487
5642
42435
7772
4353
45956
23667
40346
36106
38010
15191
33447
25190
2718
18381
2824
9325
37999
20862
44818
9508
18890
35344
6889
36648
12170
41710
23646
8932
11579
30399
41654
30374
20856
676
21423
8197
6191
3483
29277
24428
20605
18331
12841
9806
4944
7735
16813
6141
27488
855
7350
30088
15770
49702
3822
3233
45602
40081
10568
25926
28861
29809
34832
40749
18223
31193
45988
27868
39948
43954
10627
2362
137
41378
2200
41072
19930
45324
19185
34269
3103
18562
17334
37938
14182
14721
14117
12335
5224
14168
42753
8856
33034
10476
5947
39373
42761
31208
41607
25842
26026
14836
13158
11954
44309
17750
49562
28910
13317
6120
35576
28896
7841
18776
35779
11619
10564
49136
35010
33901
19207
14620
9589
6156
24977
32639
30596
1285
15696
4902
36382
36138
30584
11538
15820
7074
22603
11973
22708
43443
5226
11884
24655
47397
8800
46724
742
43766
41273
5576
44491
11630
22170
2535
11156
9299
20850
36009
12361
18372
20216
15837
32477
46530
44774
44648
28397
2678
18242
47171
14435
2550
7661
17818
9168
8740
29415
13321
5575
8957
17273
12471
36170
8627
22279
38989
33632
12651
35168
14473
12180
3446
20805
28426
4604
29637
27333
44584
31377
23696
9802
2136
13341
2784
26282
42706
46373
32639
2114
18198
42181
39648
41231
37545
28426
44766
1110
6106
31346
5006
24565
16228
9830
37110
15614
36852
1041
32813
8978
10958
9185
80
40353
17365
29866
1845
36980
6185
9738
22922
26455
6491
9842
8158
43464
49273
32986
26557
43752
23807
16432
30817
24817
7006
34185
13205
25640
16796
30774
32649
142
46371
8183
39599
20418
8988
48614
20339
8760
25683
29213
20371
36275
17292
40756
43500
32297
30839
36588
39871
18889
38879
24518
7132
32143
24871
43493
14968
28698
2254
48849
32108
37675
11632
32416
8761
36249
24135
6585
22481
16296
34345
26154
26485
22923
40603
27906
7789
47098
28419
26564
20448
45467
40839
18119
23027
26111
17051
32050
1826
24806
23424
10561
41171
47141
5570
24241
2257
19385
28072
22727
40798
15917
34852
2839
528
25806
28509
10
6710
42442
24448
22243
24884
11125
10728
29849
21454
43914
2779
25292
3723
16383
20823
39505
16216
38603
44360
14618
32300
30522
28165
20769
10264
25003
31514
49055
7404
41388
12124
44202
12603
23816
6298
43925
26943
9254
27468
6586
5570
36934
41377
40116
22990
33465
33342
9562
3288
19774
27614
36047
43870
27629
41711
16426
25153
32300
10167
2976
11626
41162
25798
11510
21949
17594
42603
37886
15730
46285
1762
29471
19340
19548
4395
8405
37389
44125
10166
48704
37498
20938
17165
37936
13658
32468
21689
29785
49324
39757
4716
5265
30618
37676
875
18983
27223
83
12352
46780
7560
21767
35194
17721
47054
48110
15908
9460
40417
40069
16949
45271
36814
11165
10740
22814
424
15774
46471
26473
24126
22830
5265
28218
10397
40091
16496
47070
16524
7208
24415
40380
7057
46381
48220
17315
46087
38896
22423
28217
18137
16852
46667
14841
15257
11575
43418
31255
40366
26363
2183
6443
16957
25205
5503
6100
17811
1779
4733
45245
726
32780
12051
12559
46246
25607
32093
14896
16767
23059
16431
19169
49647
8334
1949
34192
4956
26917
2026
30828
18284
6968
35930
38957
39483
29375
7481
32699
4948
14629
48406
44639
3636
10563
8612
31257
14480
15902
27526
33247
6046
19421
33274
16621
29191
49808
49818
23771
9543
4786
48396
38337
19552
6000
49361
5182
19701
26727
8651
20106
9477
13220
46612
1613
529
248
28277
22100
35615
37473
39000
25935
45585
35921
1836
4870
44612
12679
6046
18976
10379
32880
1959
48710
39295
42404
20803
2774
20372
8170
34953
18257
34035
39457
28032
24401
36689
35848
41064
48929
42509
30938
29279
48664
25913
48043
1194
4279
28106
44573
6473
25139
37106
8956
37851
23208
48981
34564
17523
23364
11414
31624
9821
31528
2275
31624
16032
17463
26767
40064
16324
40998
18144
39219
34392
31341
10684
38121
36098
25575
47383
7385
20792
27335
15364
22725
17837
25497
4059
17129
4037
45130
20819
25466
37202
37889
43150
8391
17581
31477
2301
2151
35407
28771
40238
14290
6655
39727
14233
36260
44923
31513
10905
18723
3534
49391
46549
47673
6818
34438
37262
4134
15235
19629
2397
636
20218
43952
49673
8653
38749
23259
35767
24915
17160
43322
21742
4157
13741
23196
15769
17782
11068
36417
23308
10891
21576
8996
21007
44784
18823
26858
49310
44363
178
15916
6588
35768
45058
35367
7693
11667
24825
25790
46543
6474
36551
17783
9567
30423
26563
47744
16558
18522
25040
25660
33109
19817
13672
27976
8668
40547
365
16978
7947
13545
22712
38239
45578
29951
48959
13720
23374
12400
2110
35177
15268
5794
31340
8113
32356
47130
8445
13620
21172
21319
5446
20962
49838
30997
6192
16076
15619
10956
7012
18107
32861
8489
42720
15405
10416
15757
10088
8940
28205
47021
12951
4923
18725
19587
21339
35778
5360
46363
32089
5750
27861
3319
30955
19035
987
39263
12855
45868
465
6830
27612
30990
16121
46100
35447
49591
27378
38927
2881
29078
18709
17125
4837
8087
23305
24603
13906
10373
27675
40790
37088
33736
13034
4970
2477
43815
44871
44682
40338
26053
39672
5937
40080
47469
45825
29072
44391
21390
20181
23028
49904
23028
4622
5861
28932
1437
16447
12654
16911
22614
31483
36754
18498
16737
12563
29926
23229
47177
127
11677
22296
35676
7571
40361
7594
31014
1102
28753
1231
4457
10375
4691
22543
7608
45048
25839
19146
39212
36837
34549
10306
22605
39831
42000
36401
3887
8505
21300
28850
46104
28544
27524
36271
44013
4335
29565
35625
553
47066
16769
47699
791
35203
34214
37607
36866
6906
28004
23243
9358
30363
47660
15066
