21983
12883
115
25316
28897
49359
7599
29542
38855
17383
700
15509
46902
23297
2660
48978
5494
45081
49149
10266
25615
47042
13850
43831
29837
13716
48001
36623
20790
15255
36289
44925
27042
48266
22123
43220
16146
34131
36446
10574
22286
2490
47105
21974
42231
30575
45259
32411
22777
20449
43504
25037
18013
19639
38003
14486
46740
41484
47834
2027
25862
43564
32144
1376
37738
18133
600
36909
3204
25236
317
42226
33000
19173
27867
15949
37867
20023
2403
24676
42190
38029
42199
352
27908
37558
11946
38368
30709
34781
41762
30152
30093
39904
14169
11919
47022
35546
3884
5089
47704
4565
21309
46463
11686
36490
43145
32979
29744
43519
14445
23897
26729
6534
37979
17475
49313
40633
10630
25278
9318
47162
36868
6670
4039
2656
6813
22900
14498
31607
10377
34890
2775
17409
7374
41627
20155
9837
27129
26740
18698
743
11822
21333
18562
46127
21947
22154
524
22334
15100
30227
1029
19890
42237
36445
27073
12299
40248
33034
48294
16272
227
46281
38974
20643
1736
42425
29901
33532
38157
5515
6411
47989
43372
38266
18333
27545
40987
46928
8371
11695
25323
41067
37866
4230
25614
35335
21014
41307
15425
11702
21558
25363
38484
20336
31138
48806
29205
38542
11313
6334
29715
38058
45864
14769
32457
38731
12978
12753
23696
23843
39983
13047
6606
17702
26287
48288
35503
26213
6628
44574
12990
9740
11511
8440
22510
29563
33851
54
9203
8173
13682
4719
24904
33134
44161
4183
4608
36349
41764
30237
21521
26760
32916
15146
37488
26527
28497
18040
35645
8610
13035
44207
20572
3164
6448
26765
36622
24016
37368
7217
16790
4776
48545
42014
2114
17779
37212
2870
2136
31493
17363
46088
30628
33107
23670
22297
17757
6461
34620
2177
16176
11538
19558
42746
3019
5862
27696
44622
27186
13273
40727
2202
37243
6691
17571
38535
14496
26096
24124
48326
12780
6790
46697
20624
36969
5664
21851
30058
15967
18400
32304
18169
48052
26455
33301
48867
36946
3772
48638
2051
10209
48063
3087
17841
18109
33113
13862
7869
7814
47933
24669
36948
4912
22505
34005
17440
25277
22548
1160
30574
28423
26609
39420
43800
27673
21501
20704
36275
42074
20632
37175
26210
26472
16449
13612
45458
25934
43110
49819
11938
26022
42129
9008
24193
17864
48758
3286
31788
49325
37300
7837
26261
7493
19544
49424
33409
35128
39989
42647
6574
29839
19631
38390
35794
41012
1510
22793
21315
3646
36709
16536
30862
41892
7355
42547
5720
14454
25716
14418
2056
17770
3868
30815
1269
44916
35175
1069
46824
39292
11021
13815
11925
29184
40289
48338
13215
43202
38259
45665
49352
4503
3360
45512
22202
45196
7818
29376
11521
10728
28837
15734
23078
20778
27282
41823
21708
27258
21191
4262
45623
46591
45189
4227
22202
38802
9546
24830
46077
17197
12826
7563
30037
19345
36671
23350
6875
47735
9500
16433
21188
4323
40219
24769
27624
40108
27853
11064
12591
22352
17608
14557
33971
43044
27888
32960
17839
1069
12134
26367
19657
18052
6524
18034
36965
28278
37805
10166
36764
26062
24884
43549
48716
15243
42915
31514
934
49751
44894
28851
38305
6771
297
23503
45915
25505
42033
3572
16969
7236
22834
49957
18082
28299
37003
43140
25390
38021
8252
47218
2709
34846
15708
29818
47659
40310
26753
40969
28386
16933
17102
542
44439
29342
43181
7697
26755
38717
28852
36016
14570
3959
7162
27679
26010
45653
4817
24473
12569
25727
24442
40481
43103
40214
37391
2850
28079
23335
30441
15591
20001
28411
10181
42089
11061
48114
9871
45629
34411
40014
3471
11853
3132
45674
4849
13387
6102
11061
6689
13948
5367
31611
20020
24959
5681
47528
21961
10319
3641
10484
21089
32122
32184
22679
27941
37622
10726
24243
23432
37275
20238
16663
7257
10444
19870
4167
24635
21965
34612
44239
10510
9360
31685
23955
23339
30812
8015
16844
32212
9808
27240
17766
20098
10273
17847
10733
23479
14608
13866
41909
18820
9833
12339
44917
47302
41924
27504
12019
18261
12635
47361
46539
12034
26771
35891
23257
7393
22100
31334
26340
35370
49061
22525
15445
39994
37759
35213
20022
29752
28370
31175
12441
3139
5694
5508
30057
18224
32689
37564
28993
33244
7848
16285
8170
38409
27082
16287
23616
23987
23955
18974
23051
35114
10213
15722
37735
34953
4062
11319
19230
41537
1531
4167
49949
33381
15726
3018
8538
47471
5449
14050
24613
45934
45540
2000
11329
14603
36691
5538
44453
2022
25617
29652
29592
20998
7120
29859
14452
3975
37651
26464
10552
14150
48649
3279
19200
39472
19159
6449
338
47724
40308
40585
48258
42478
9239
22772
19325
23718
39215
24088
33553
4705
34613
47110
30298
47125
42951
25466
30417
21244
10916
6734
21268
25102
44222
38225
14150
2611
5258
30552
19986
19466
23178
37985
8681
13632
14577
9165
31589
40977
25811
31461
36034
20314
1650
43671
14641
45549
35217
10384
11796
28257
29534
11990
36239
5995
25968
24054
27657
26259
39257
49630
24014
23609
2399
39717
41754
10162
19416
2732
24716
44357
23560
36802
2819
41403
16676
5948
34610
23723
11013
715
47843
12286
21263
13576
6322
22760
16246
40070
1429
13504
4575
48805
11200
3670
6474
30035
1782
27364
39612
49782
10639
28204
38987
5054
31425
43348
23199
10234
38162
12318
45486
27978
45954
35352
31244
34560
49788
11665
10664
13808
32234
11965
27674
22000
19910
16607
34419
1994
2640
27846
30557
18444
5454
33398
35938
20594
45650
17853
28239
13015
37516
3770
31816
47947
11200
33158
36864
12125
29421
20492
23153
24631
43175
397
46736
47971
12938
49764
44092
2586
15727
48964
43713
33264
40881
18112
14586
10161
8435
36283
28907
14803
2302
44321
17228
27591
47787
45735
24550
5418
28065
18030
36684
2853
34903
10520
6034
45431
214
9728
23841
31905
37115
2347
30649
9601
28544
11096
34908
17551
43642
15817
28065
18369
28365
26952
35610
44969
11227
43226
594
48682
17784
24032
33746
14458
3850
4321
35167
32635
33431
270
43604
13255
41173
41044
5569
22466
5793
31233
15187
19953
7854
27900
7167
37629
657
5776
8087
44212
5612
49917
31811
27395
10717
39586
11213
38868
39320
44462
35706
17434
30901
41611
2
11681
4842
443
7570
35167
40315
28285
40833
36866
19498
47841
