42179
18100
19859
28185
4282
27216
38900
34125
29754
46585
42347
42958
6915
37989
11645
48791
7723
28622
33314
10298
45533
21824
11006
21849
28112
12399
28095
18385
32697
16314
36477
37514
49443
25074
20531
7228
29705
11738
10193
37163
41120
40580
2210
27644
20608
23191
37553
6115
23748
3866
25272
48437
47221
34458
49523
20445
28062
4822
49495
35552
44251
231
26197
11821
20177
30828
38747
41645
13127
7975
30556
34275
21963
24472
15358
46158
47321
43230
31265
39307
13836
47506
1292
41224
33713
41761
14037
38009
17459
13072
48680
11184
29651
1648
25560
11332
21690
11157
4783
45841
