45652
2342
7347
45546
47271
36981
6920
44243
17633
11280
33461
20602
33542
6858
24639
7183
12028
29860
44175
47916
3903
47882
15304
38885
22796
23684
28733
15102
38533
14585
11975
21539
26571
35179
49863
16632
48136
13459
5587
27502
21345
1522
22693
38980
44484
35079
15661
47328
40876
8099
25337
35750
36068
13650
11802
37199
26522
43054
13230
15755
24837
27071
10955
4229
17792
32220
42039
8849
12121
41574
47585
30971
38633
3900
35551
4559
45344
36446
12435
39819
3344
687
32247
15516
32669
9697
30172
45344
9124
35354
6743
6328
10146
25616
30272
48324
18735
27415
6382
46366
26344
22306
34720
6931
48667
30234
34206
28089
28245
21293
42448
10112
44870
29149
10393
22270
8625
24665
45548
11418
38211
46796
23428
22175
12946
8965
833
40173
22437
11367
33907
41398
46741
9372
12551
37239
8607
32624
13010
43646
33252
14912
24767
24807
26450
32366
41026
7428
13108
7374
11645
45212
46858
855
16962
12080
20595
43186
37588
38919
11543
28598
13899
44272
24425
1790
2286
28077
17209
45316
24512
30086
29117
7774
4631
47839
19880
42211
26248
28059
32472
23151
44019
24146
42413
8232
25567
7936
34993
5552
49136
47030
15903
31657
24923
16937
44620
9894
26424
10370
49397
21750
38080
45533
10608
37337
12790
47800
11241
1189
7633
48549
35096
24699
14063
13812
12819
10406
11843
2826
48735
32101
1067
21403
33449
36778
4656
17217
23159
23147
39728
21668
6614
41890
19504
33929
26155
46216
44005
30505
14172
30108
46014
42158
2062
17818
30478
13232
41071
30672
35519
29156
26396
6843
4012
43658
19337
41198
6738
33323
19463
30680
29906
45980
29403
26305
1430
36377
22732
2868
36441
16691
1189
19969
25041
39407
2177
26425
44161
44302
17682
11815
33083
37754
36710
41407
12501
48831
40841
25496
28814
46759
40849
35824
15565
41894
31374
15820
47816
49817
2947
24106
31535
5586
17672
2562
42737
6151
2130
20963
36781
39533
31602
31016
11531
4484
29523
5086
46411
37429
27967
27525
22042
16872
44390
35759
41892
14014
7063
15313
39885
11564
37095
15175
43456
36212
42233
22620
32108
550
16932
21527
27165
15562
8224
29488
19727
12304
18393
10414
33964
34999
31414
46204
38449
47736
2521
33428
7309
35582
5848
16805
33526
24092
10189
16791
12886
36063
806
6855
1778
597
32682
39910
11324
6905
15799
26711
25376
23695
9720
331
9006
3320
13205
40155
13446
2594
11498
6936
4087
24847
9783
8000
47413
19838
39272
41872
15217
15372
48163
33129
49027
14933
5434
4212
17667
28509
10136
7642
4962
15760
38283
49355
28414
25351
34562
44200
3556
15487
18669
40375
32654
23954
29605
48637
24861
32179
31211
16669
32229
24874
23161
3802
25529
25429
30345
45616
43553
41518
30225
38712
36345
16264
5894
49475
32450
48195
6940
40658
34127
6204
25231
19654
175
31668
40027
28711
33574
32615
17728
39495
1143
29821
49743
33279
31998
45410
44942
7676
43718
33290
44003
8473
12590
22963
35186
20409
46790
42915
19059
42967
38076
48478
28200
38660
22606
48945
45555
31027
9544
18409
46618
10719
13309
2842
5178
44061
28613
23179
30703
37210
49848
814
25740
9491
5565
7726
16534
47952
40857
40868
47018
16957
21190
36439
33576
16098
10862
13173
21682
6958
41113
23059
14320
22876
42937
39973
29969
14875
11600
25722
40310
31875
35487
6781
32342
22932
9729
40351
46310
30162
11201
20201
23947
24209
10657
30140
19652
10760
43088
23273
14119
7139
18083
48693
36411
40239
10315
3498
8747
17518
7364
750
29276
25333
32798
28843
20001
4579
21124
20053
47095
9274
1847
26845
23055
18587
18156
37527
34411
44676
6483
8836
20087
26679
36944
46924
14337
12661
24998
8502
49957
40934
18643
17508
38144
44371
42396
12661
95
41534
40437
1222
27688
45676
23745
26231
39159
20093
42529
3554
20160
29958
17523
24397
17523
17562
12879
24966
13754
25835
45267
14884
28692
16768
9323
20503
22502
31405
5474
6273
45575
19715
13049
25723
14833
21032
28606
30481
44379
38583
5907
5263
31629
46850
9551
17143
4947
25645
21572
22801
35270
35838
1874
14830
27218
8617
16970
23956
19641
15726
11432
13484
8215
22885
41923
28993
47150
6962
44959
14951
25357
1031
29731
11903
41448
39637
20687
27357
20887
103
13920
6273
245
36576
14628
48983
21730
12055
20012
37822
28236
23154
7278
43021
33492
1917
34953
48400
28969
49978
45932
24259
6998
2331
23505
6409
49809
35589
13378
1927
31876
32597
26749
37010
4178
8996
35062
48567
49763
14254
14130
3544
9436
48688
12036
2776
22520
38814
22854
28087
6216
46300
26285
44559
6522
11909
12888
26031
45643
11108
33382
35647
20429
39810
3573
12738
42634
3213
32514
29702
41319
26389
6839
49341
27756
17840
42082
45824
12220
29272
43587
25584
16654
15806
21918
636
49391
45171
36499
3543
38284
3844
26669
32673
11996
19507
22612
26345
20971
2139
8712
6573
20299
40325
1135
2889
37837
6307
7717
27230
7800
24406
27849
8187
5336
48420
33659
21822
16608
19954
2646
1391
16861
40493
28239
8636
1732
30106
8250
35540
20873
40270
41314
19035
23073
25225
35671
16425
45327
30211
19081
47112
3130
26381
15927
41187
9960
34577
6916
40347
41988
41864
8715
8267
26140
24083
3250
43705
21608
46538
42583
7627
15520
610
26528
2577
23205
27842
18118
44763
32234
42506
30504
8883
49429
37299
27960
13258
20716
7973
12855
24501
30755
27976
7233
1014
36670
31069
21295
17327
6397
29617
47179
36733
23855
34473
41240
15617
27846
18444
21361
35727
49744
49429
8007
38221
22400
31795
38274
35536
1439
1732
1843
1011
37036
18055
13266
38949
31571
38314
13211
38961
27588
20799
12011
6036
44188
36050
39041
3545
26825
340
15066
23271
15597
24388
8303
34402
13904
7990
7760
21289
29574
28908
30416
47967
25631
30525
13342
16205
25404
26373
23225
9701
33417
24086
40015
28259
36529
36397
10559
25963
23229
33417
9376
45577
5244
42407
42123
38933
35346
41054
37597
3882
45975
49670
6036
30899
27907
34958
37490
45284
48226
1947
42981
4584
27785
10881
10559
4520
25946
27622
3143
8975
26952
43619
47303
40166
11607
30637
32292
37067
2655
48868
5602
11472
15507
19826
13599
23274
14177
48451
23813
21129
6643
25507
1378
25486
