11356
39076
8833
38041
40910
13008
17011
21012
12785
33127
40245
43160
22249
40861
38091
25177
10330
38618
3478
44294
46740
10355
8569
44426
6221
29497
35326
3066
48424
40861
13751
13575
1130
31715
16380
8741
48859
21634
48492
650
37181
22609
17862
24319
9062
24587
905
49994
49276
871
32522
25140
14468
40910
3352
9696
11879
42235
27324
24677
20257
16553
25236
21798
15396
5803
30837
21231
33447
10911
42517
8898
35594
22264
42622
5093
16866
40648
5699
34750
6688
25714
16529
23175
1214
8365
14069
40747
2633
46409
42439
23659
32025
39301
18100
43504
9566
13090
22680
20473
2597
31253
25827
10450
25245
36950
12291
35371
39933
10882
43235
42606
38902
35691
9179
18063
37327
37024
13922
35613
26737
15248
21234
136
48465
13784
10495
44272
8548
32161
3808
27009
2727
36298
34420
42710
35344
49873
28381
7774
28027
34069
46237
7338
28077
22936
35399
6078
5
15905
4423
38542
27371
20616
13571
1621
1694
18238
47470
43480
45655
49060
44231
8450
6040
26090
17548
29315
49937
30039
6515
29639
9232
2283
19546
4040
28688
8563
31151
39484
31147
5552
16682
46900
13897
38858
45910
22829
36455
11196
49871
26465
41911
36445
21985
11707
41723
45787
22090
17471
2540
31411
40403
40515
29511
144
44783
8740
2744
30117
22313
7761
34553
26648
38389
46365
36441
28648
26148
21348
30631
37990
49678
41667
63
39925
5867
24097
8418
17506
30612
11985
45120
17419
25440
14174
40333
10624
43856
36920
21550
4242
9420
36154
43745
39112
46530
40115
7542
41024
13752
11528
44334
30315
45647
13435
19225
25366
38861
14327
16875
31231
8037
8019
12109
1620
30110
27192
13819
39426
25743
35259
25528
24706
5979
23346
4198
5638
29033
25312
36583
24610
9989
6041
1440
43898
7850
4154
34497
40327
14252
43314
42523
20712
26186
14739
7136
43607
49881
40209
7205
17672
34005
40809
21769
46757
35323
8863
29982
38931
48768
43562
27586
6490
47554
20152
36161
1879
30587
37445
33358
3490
21147
19381
43456
24903
16339
25649
16035
44322
38648
4876
18673
46894
34496
38193
26336
4073
6014
23430
22695
44628
46812
25307
3594
20571
26862
39074
22523
44313
34771
10101
40227
38012
10310
19853
48952
39108
38521
24490
47494
28214
9120
19387
28050
3615
17926
38087
39074
40511
37657
16438
36140
806
20194
24443
25185
4994
6061
47741
13204
1534
41527
42545
34479
37964
23376
28880
26964
20469
19068
45901
34297
32607
32630
969
22826
7946
13750
41853
1264
42146
34950
19215
8677
8473
8970
19803
14469
34255
15525
8046
30358
19264
48862
18197
12530
42216
35050
25992
45965
1406
15802
28375
25371
48760
8279
29353
43563
2327
17450
44215
36467
5063
10875
2238
19197
14618
43550
18566
14041
32892
40098
28913
2990
3913
41294
20325
42629
5739
1639
47155
35318
3759
39878
44516
37827
15112
31588
13778
28600
41441
24997
40588
29420
18875
2705
46753
13959
22996
20964
48502
13769
36575
12022
15660
15178
39105
13145
29771
14251
15532
3540
40006
31393
16433
8551
49023
11138
26351
16426
47716
49480
15802
7365
14699
3612
47300
20543
30870
6001
29996
24209
45290
19022
14961
33283
8334
33989
35194
30349
46165
5853
42323
5509
25980
46809
29562
3562
26236
9698
27520
40904
3828
37196
16419
9804
182
2361
41367
3453
4960
19972
47024
38600
26486
23119
16277
7406
22047
5830
39441
32919
9832
32835
47173
11274
32015
39975
48890
12485
25550
35680
39923
45482
1198
4838
43397
31817
5837
12545
25249
45963
45746
20020
34252
14259
13685
30042
9099
36022
40951
8205
2054
21810
42100
16797
4547
38498
6483
29392
49105
42491
5670
3080
31137
19900
9264
31064
38074
18845
17508
36532
15653
1983
11949
8601
35034
27633
34111
34926
620
18611
19877
23912
11212
31651
10053
235
39483
16424
31656
5081
5474
10111
10108
48895
39527
35703
43439
29296
30536
14906
15179
7968
9625
39954
12017
18595
37789
24180
1733
8015
36111
35817
34922
232
37270
667
17491
9125
28367
6417
35891
28136
5085
7860
231
41491
9554
37890
4926
2796
350
23036
48765
37764
23780
49929
3154
39555
19559
37097
25877
41090
19230
25729
4959
39087
28503
27120
21807
1531
2222
26211
3504
19421
32581
41320
25892
49862
1175
4959
1627
15846
22263
117
22721
10058
39483
26275
24321
24232
21228
7638
37119
48977
8212
17326
26403
30993
6696
30825
49592
40243
6676
14630
43530
15791
36833
36407
23699
2746
27726
43
36417
15539
36065
7028
41317
14301
37679
2458
43512
6600
28198
18504
31360
24050
45336
45416
46045
39262
2102
21025
5336
39807
38653
32688
13775
2807
47996
47249
29669
48466
9472
16654
25778
42018
29206
44347
17913
6827
46672
10295
46027
32177
6713
5812
16645
13083
43848
25554
14430
44922
35922
10170
42338
25108
33981
13022
6986
38616
13482
5525
23310
36815
3573
22291
27574
17989
15772
19467
9590
23773
21535
28398
36352
27182
48596
15081
24862
40817
27748
18517
1445
9906
2539
46719
43568
25207
48500
30294
1337
25944
2272
39766
23666
44615
26948
9540
7376
45771
6166
23871
20598
31625
43400
24752
48042
704
35586
20100
26948
12403
41042
20598
5600
507
38901
25758
17442
20596
17250
30406
22661
379
13388
27715
20740
5487
17444
14539
10099
48253
32475
31778
21505
40445
8906
38276
30373
22945
49852
14606
40175
35078
46210
15746
46888
20867
26140
13729
1429
38436
6862
17394
14872
17683
14348
20889
12543
12610
43662
9415
18201
1060
10069
19829
27124
48336
13591
8222
45398
7129
34315
25239
21716
44414
33817
46543
38443
16167
2325
37299
24761
36324
6247
38381
13041
39274
22452
9787
31905
34665
14599
17579
40339
42733
47765
19891
43921
21907
44206
47512
32102
26955
27162
12555
3542
34475
42703
38378
12712
45431
16170
10497
24011
45044
2793
46744
44996
19659
16413
30899
2351
11430
34991
22315
10149
35670
3850
34767
27041
28601
12827
47148
10163
37014
33898
45829
48718
21648
890
6951
40474
6861
24032
26674
31540
13730
32040
18260
1633
19311
7645
38651
4970
23615
49833
11399
30064
8840
39115
34483
1418
25630
48431
33856
40693
31517
319
35461
5145
14813
9513
49228
42422
47875
36837
19893
16911
3858
42101
14687
8428
29987
10123
16267
28390
